   ka_pop;       NaN;       NaN;       NaN;       NaN;       NaN;       NaN;       NaN;       NaN
    V_pop;       NaN;   1.00000;  -0.13516;  -0.04238;   0.08377;  -0.02447;  -0.15807;   0.01664
   Cl_pop;       NaN;  -0.13516;   1.00000;   0.00791;  -0.02067;   0.00999;   0.03853;  -0.00882
 omega_ka;       NaN;  -0.04238;   0.00791;   1.00000;   0.02516;   0.00183;  -0.00430;  -0.04959
  omega_V;       NaN;   0.08377;  -0.02067;   0.02516;   1.00000;  -0.17570;   0.05609;  -0.01940
 omega_Cl;       NaN;  -0.02447;   0.00999;   0.00183;  -0.17570;   1.00000;  -0.07206;  -0.00545
corr_ka_V;       NaN;  -0.15807;   0.03853;  -0.00430;   0.05609;  -0.07206;   1.00000;  -0.01282
        a;       NaN;   0.01664;  -0.00882;  -0.04959;  -0.01940;  -0.00545;  -0.01282;   1.00000
