      ka_pop;   1.00000;   0.12581;  -0.00308;  -0.00198;   0.00145;   0.07490;   0.00907;   0.02030;   0.00725
       V_pop;   0.12581;   1.00000;   0.09510;   0.01825;   0.01150;  -0.01453;   0.10522;   0.06053;   0.09091
 beta_V_lw70;  -0.00308;   0.09510;   1.00000;   0.00917;   0.00014;   0.05988;   0.05949;   0.01186;  -0.03688
      Cl_pop;  -0.00198;   0.01825;   0.00917;   1.00000;   0.11381;  -0.00201;   0.02503;  -0.02934;   0.02726
beta_Cl_lw70;   0.00145;   0.01150;   0.00014;   0.11381;   1.00000;  -0.01391;   0.01270;  -0.00627;   0.00495
    omega_ka;   0.07490;  -0.01453;   0.05988;  -0.00201;  -0.01391;   1.00000;   0.04454;   0.00508;  -0.05001
     omega_V;   0.00907;   0.10522;   0.05949;   0.02503;   0.01270;   0.04454;   1.00000;   0.00931;  -0.14554
    omega_Cl;   0.02030;   0.06053;   0.01186;  -0.02934;  -0.00627;   0.00508;   0.00931;   1.00000;  -0.03240
           b;   0.00725;   0.09091;  -0.03688;   0.02726;   0.00495;  -0.05001;  -0.14554;  -0.03240;   1.00000
