    Tlag_pop;   1.00000;   0.00074;   0.12261;   0.04427;   0.03850;   0.00796;   0.16344;  -0.08456;   0.09473;   0.10012;  -0.05827;  -0.01634;   0.13978;  -0.01406;   0.08693;   0.08092;       NaN;       NaN;   0.02804;  -0.04630
      ka_pop;   0.00074;   1.00000;  -0.06024;  -0.03161;  -0.06377;   0.00720;  -0.18544;   0.24774;  -0.28692;  -0.25858;  -0.25076;   0.32237;  -0.16422;  -0.01169;  -0.30657;  -0.22671;       NaN;       NaN;  -0.00224;   0.06115
       V_pop;   0.12261;  -0.06024;   1.00000;   0.16837;   0.01248;  -0.00217;   0.27933;  -0.25331;   0.26545;   0.20660;   0.17542;   0.02923;   0.11706;  -0.00029;   0.10096;   0.15026;       NaN;       NaN;  -0.07989;   0.06942
 beta_V_lw70;   0.04427;  -0.03161;   0.16837;   1.00000;   0.00348;   0.00029;   0.09601;  -0.09753;   0.09996;   0.08922;   0.09884;   0.01749;   0.08229;  -0.00109;   0.02738;   0.06002;       NaN;       NaN;  -0.06207;   0.04063
      Cl_pop;   0.03850;  -0.06377;   0.01248;   0.00348;   1.00000;   0.09358;  -0.00785;   0.00140;   0.01741;   0.01085;   0.01046;   0.02758;   0.00885;   0.00828;   0.00613;   0.01367;       NaN;       NaN;   0.02551;  -0.02370
beta_Cl_lw70;   0.00796;   0.00720;  -0.00217;   0.00029;   0.09358;   1.00000;  -0.01418;   0.01813;  -0.01632;  -0.01279;  -0.01068;   0.03902;  -0.00703;  -0.01007;  -0.01563;  -0.01443;       NaN;       NaN;   0.01819;  -0.01635
     ke0_pop;   0.16344;  -0.18544;   0.27933;   0.09601;  -0.00785;  -0.01418;   1.00000;  -0.67004;   0.59870;   0.63984;   0.44036;  -0.16254;   0.34417;   0.02775;   0.57605;   0.53572;       NaN;       NaN;  -0.14707;   0.01603
   alpha_pop;  -0.08456;   0.24774;  -0.25331;  -0.09753;   0.00140;   0.01813;  -0.67004;   1.00000;  -0.94666;  -0.76241;  -0.62221;   0.16823;  -0.34479;  -0.02381;  -0.56130;  -0.60606;       NaN;       NaN;   0.13081;  -0.00355
    beta_pop;   0.09473;  -0.28692;   0.26545;   0.09996;   0.01741;  -0.01632;   0.59870;  -0.94666;   1.00000;   0.73999;   0.63565;  -0.15380;   0.35385;   0.02320;   0.55628;   0.62300;       NaN;       NaN;  -0.11759;  -0.00928
   gamma_pop;   0.10012;  -0.25858;   0.20660;   0.08922;   0.01085;  -0.01279;   0.63984;  -0.76241;   0.73999;   1.00000;   0.51411;  -0.16681;   0.34741;   0.03560;   0.59238;   0.56140;       NaN;       NaN;  -0.11358;  -0.03357
  omega_Tlag;  -0.05827;  -0.25076;   0.17542;   0.09884;   0.01046;  -0.01068;   0.44036;  -0.62221;   0.63565;   0.51411;   1.00000;  -0.12145;   0.23031;   0.01511;   0.36785;   0.41036;       NaN;       NaN;  -0.10020;   0.01573
    omega_ka;  -0.01634;   0.32237;   0.02923;   0.01749;   0.02758;   0.03902;  -0.16254;   0.16823;  -0.15380;  -0.16681;  -0.12145;   1.00000;  -0.12592;  -0.01348;  -0.42311;  -0.15900;       NaN;       NaN;   0.00279;   0.07843
     omega_V;   0.13978;  -0.16422;   0.11706;   0.08229;   0.00885;  -0.00703;   0.34417;  -0.34479;   0.35385;   0.34741;   0.23031;  -0.12592;   1.00000;   0.03101;   0.43198;   0.33707;       NaN;       NaN;  -0.01532;  -0.15275
    omega_Cl;  -0.01406;  -0.01169;  -0.00029;  -0.00109;   0.00828;  -0.01007;   0.02775;  -0.02381;   0.02320;   0.03560;   0.01511;  -0.01348;   0.03101;   1.00000;   0.04588;   0.05057;       NaN;       NaN;   0.01196;  -0.05390
   omega_ke0;   0.08693;  -0.30657;   0.10096;   0.02738;   0.00613;  -0.01563;   0.57605;  -0.56130;   0.55628;   0.59238;   0.36785;  -0.42311;   0.43198;   0.04588;   1.00000;   0.57393;       NaN;       NaN;  -0.08230;  -0.17757
 omega_alpha;   0.08092;  -0.22671;   0.15026;   0.06002;   0.01367;  -0.01443;   0.53572;  -0.60606;   0.62300;   0.56140;   0.41036;  -0.15900;   0.33707;   0.05057;   0.57393;   1.00000;       NaN;       NaN;  -0.12250;  -0.04695
  omega_beta;       NaN;       NaN;       NaN;       NaN;       NaN;       NaN;       NaN;       NaN;       NaN;       NaN;       NaN;       NaN;       NaN;       NaN;       NaN;       NaN;       NaN;       NaN;       NaN;       NaN
 omega_gamma;       NaN;       NaN;       NaN;       NaN;       NaN;       NaN;       NaN;       NaN;       NaN;       NaN;       NaN;       NaN;       NaN;       NaN;       NaN;       NaN;       NaN;       NaN;       NaN;       NaN
           a;   0.02804;  -0.00224;  -0.07989;  -0.06207;   0.02551;   0.01819;  -0.14707;   0.13081;  -0.11759;  -0.11358;  -0.10020;   0.00279;  -0.01532;   0.01196;  -0.08230;  -0.12250;       NaN;       NaN;   1.00000;  -0.70865
           b;  -0.04630;   0.06115;   0.06942;   0.04063;  -0.02370;  -0.01635;   0.01603;  -0.00355;  -0.00928;  -0.03357;   0.01573;   0.07843;  -0.15275;  -0.05390;  -0.17757;  -0.04695;       NaN;       NaN;  -0.70865;   1.00000
