     ka_pop;   1.00000;   0.11428;  -0.08732;  -0.00170;  -0.02348;   0.08394;   0.02216;   0.01311;       NaN;   0.06375;   0.03360
      V_pop;   0.11428;   1.00000;  -0.15146;  -0.00911;   0.02308;  -0.03864;  -0.00213;   0.03627;       NaN;   0.01741;   0.09205
     Cl_pop;  -0.08732;  -0.15146;   1.00000;   0.00227;   0.02477;  -0.00315;  -0.04771;  -0.09450;       NaN;  -0.04549;   0.03914
  gamma_pop;  -0.00170;  -0.00911;   0.00227;   1.00000;  -0.41367;   0.04142;  -0.01173;  -0.01576;       NaN;  -0.15303;  -0.01133
   beta_pop;  -0.02348;   0.02308;   0.02477;  -0.41367;   1.00000;  -0.08422;  -0.02893;   0.02840;       NaN;  -0.11386;   0.06581
   omega_ka;   0.08394;  -0.03864;  -0.00315;   0.04142;  -0.08422;   1.00000;   0.01472;   0.01292;       NaN;  -0.01651;  -0.09007
    omega_V;   0.02216;  -0.00213;  -0.04771;  -0.01173;  -0.02893;   0.01472;   1.00000;  -0.08387;       NaN;   0.11646;  -0.03781
   omega_Cl;   0.01311;   0.03627;  -0.09450;  -0.01576;   0.02840;   0.01292;  -0.08387;   1.00000;       NaN;   0.01161;  -0.05445
omega_gamma;       NaN;       NaN;       NaN;       NaN;       NaN;       NaN;       NaN;       NaN;       NaN;       NaN;       NaN
 omega_beta;   0.06375;   0.01741;  -0.04549;  -0.15303;  -0.11386;  -0.01651;   0.11646;   0.01161;       NaN;   1.00000;  -0.06536
          b;   0.03360;   0.09205;   0.03914;  -0.01133;   0.06581;  -0.09007;  -0.03781;  -0.05445;       NaN;  -0.06536;   1.00000
