    ka_pop; 0.0054605441; 0.0002381698;-0.0002034604;-0.0000062579;-0.0001228355; 0.0003751644; 0.0000358430; 0.0000251804; 0.0002835330; 0.0000130054
     V_pop; 0.0002381698; 0.0007953743;-0.0001346996;-0.0000128126; 0.0000460806;-0.0000659009;-0.0000013158; 0.0000265934; 0.0000295490; 0.0000135962
    Cl_pop;-0.0002034604;-0.0001346996; 0.0009943448; 0.0000035669; 0.0000552910;-0.0000060087;-0.0000329270;-0.0000774700;-0.0000863462; 0.0000064637
 gamma_pop;-0.0000062579;-0.0000128126; 0.0000035669; 0.0024874487;-0.0014606040; 0.0001249322;-0.0000127985;-0.0000204377;-0.0004593745;-0.0000029606
  beta_pop;-0.0001228355; 0.0000460806; 0.0000552910;-0.0014606040; 0.0050118162;-0.0003606136;-0.0000448156; 0.0000522676;-0.0004851507; 0.0000244010
  omega_ka; 0.0003751644;-0.0000659009;-0.0000060087; 0.0001249322;-0.0003606136; 0.0036578401; 0.0000194774; 0.0000203190;-0.0000601119;-0.0000285301
   omega_V; 0.0000358430;-0.0000013158;-0.0000329270;-0.0000127985;-0.0000448156; 0.0000194774; 0.0004789760;-0.0000477222; 0.0001534030;-0.0000043339
  omega_Cl; 0.0000251804; 0.0000265934;-0.0000774700;-0.0000204377; 0.0000522676; 0.0000203190;-0.0000477222; 0.0006759011; 0.0000181632;-0.0000074137
omega_beta; 0.0002835330; 0.0000295490;-0.0000863462;-0.0004593745;-0.0004851507;-0.0000601119; 0.0001534030; 0.0000181632; 0.0036227176;-0.0000206034
         b; 0.0000130054; 0.0000135962; 0.0000064637;-0.0000029606; 0.0000244010;-0.0000285301;-0.0000043339;-0.0000074137;-0.0000206034; 0.0000274288
