    Tlag_pop;   1.00000;   0.12010;   0.06266;   0.00675;   0.03560;   0.00455;  -0.04902;  -0.01184;   0.12909;   0.13965;   0.00000;   0.00000;   0.00000;   0.00000;   0.00000;   0.00000;   0.00000;   0.00000;   0.00000;   0.00000;   0.00000;   0.00000
      ka_pop;   0.12010;   1.00000;  -0.02357;  -0.01533;  -0.03093;  -0.00501;   0.02730;  -0.01034;  -0.01724;  -0.02194;   0.00000;   0.00000;   0.00000;   0.00000;   0.00000;   0.00000;   0.00000;   0.00000;   0.00000;   0.00000;   0.00000;   0.00000
       V_pop;   0.06266;  -0.02357;   1.00000;   0.11515;   0.15868;   0.01430;  -0.09236;  -0.00373;   0.09561;   0.09866;   0.00000;   0.00000;   0.00000;   0.00000;   0.00000;   0.00000;   0.00000;   0.00000;   0.00000;   0.00000;   0.00000;   0.00000
 beta_V_lw70;   0.00675;  -0.01533;   0.11515;   1.00000;   0.01501;   0.16206;  -0.04331;  -0.00824;   0.00575;   0.00748;   0.00000;   0.00000;   0.00000;   0.00000;   0.00000;   0.00000;   0.00000;   0.00000;   0.00000;   0.00000;   0.00000;   0.00000
      Cl_pop;   0.03560;  -0.03093;   0.15868;   0.01501;   1.00000;   0.08875;   0.01155;  -0.01161;  -0.02291;  -0.02040;   0.00000;   0.00000;   0.00000;   0.00000;   0.00000;   0.00000;   0.00000;   0.00000;   0.00000;   0.00000;   0.00000;   0.00000
beta_Cl_lw70;   0.00455;  -0.00501;   0.01430;   0.16206;   0.08875;   1.00000;   0.00426;   0.00643;   0.00459;   0.00534;   0.00000;   0.00000;   0.00000;   0.00000;   0.00000;   0.00000;   0.00000;   0.00000;   0.00000;   0.00000;   0.00000;   0.00000
    Imax_pop;  -0.04902;   0.02730;  -0.09236;  -0.04331;   0.01155;   0.00426;   1.00000;   0.14292;  -0.41806;  -0.46249;   0.00000;   0.00000;   0.00000;   0.00000;   0.00000;   0.00000;   0.00000;   0.00000;   0.00000;   0.00000;   0.00000;   0.00000
    IC50_pop;  -0.01184;  -0.01034;  -0.00373;  -0.00824;  -0.01161;   0.00643;   0.14292;   1.00000;  -0.05017;  -0.03588;   0.00000;   0.00000;   0.00000;   0.00000;   0.00000;   0.00000;   0.00000;   0.00000;   0.00000;   0.00000;   0.00000;   0.00000
     Rin_pop;   0.12909;  -0.01724;   0.09561;   0.00575;  -0.02291;   0.00459;  -0.41806;  -0.05017;   1.00000;   0.94475;   0.00000;   0.00000;   0.00000;   0.00000;   0.00000;   0.00000;   0.00000;   0.00000;   0.00000;   0.00000;   0.00000;   0.00000
    kout_pop;   0.13965;  -0.02194;   0.09866;   0.00748;  -0.02040;   0.00534;  -0.46249;  -0.03588;   0.94475;   1.00000;   0.00000;   0.00000;   0.00000;   0.00000;   0.00000;   0.00000;   0.00000;   0.00000;   0.00000;   0.00000;   0.00000;   0.00000
  omega_Tlag;   0.00000;   0.00000;   0.00000;   0.00000;   0.00000;   0.00000;   0.00000;   0.00000;   0.00000;   0.00000;   1.00000;  -0.02752;  -0.00090;  -0.00101;  -0.00133;   0.00019;   0.00632;  -0.00673;  -0.00155;   0.00491;  -0.01640;  -0.00617
    omega_ka;   0.00000;   0.00000;   0.00000;   0.00000;   0.00000;   0.00000;   0.00000;   0.00000;   0.00000;   0.00000;  -0.02752;   1.00000;  -0.00136;  -0.00122;  -0.00177;  -0.00347;   0.00226;  -0.00212;  -0.00163;   0.01567;  -0.02931;  -0.00707
     omega_V;   0.00000;   0.00000;   0.00000;   0.00000;   0.00000;   0.00000;   0.00000;   0.00000;   0.00000;   0.00000;  -0.00090;  -0.00136;   1.00000;   0.02629;  -0.01988;   0.00038;  -0.00030;   0.00045;   0.08968;   0.00844;  -0.05537;  -0.00353
    omega_Cl;   0.00000;   0.00000;   0.00000;   0.00000;   0.00000;   0.00000;   0.00000;   0.00000;   0.00000;   0.00000;  -0.00101;  -0.00122;   0.02629;   1.00000;  -0.00059;  -0.00026;  -0.00022;   0.00022;   0.11252;  -0.00872;   0.00041;  -0.00082
  omega_Imax;   0.00000;   0.00000;   0.00000;   0.00000;   0.00000;   0.00000;   0.00000;   0.00000;   0.00000;   0.00000;  -0.00133;  -0.00177;  -0.01988;  -0.00059;   1.00000;  -0.01465;   0.06627;  -0.07411;  -0.00033;   0.00085;  -0.01744;  -0.05928
  omega_IC50;   0.00000;   0.00000;   0.00000;   0.00000;   0.00000;   0.00000;   0.00000;   0.00000;   0.00000;   0.00000;   0.00019;  -0.00347;   0.00038;  -0.00026;  -0.01465;   1.00000;   0.00298;  -0.00471;   0.00027;  -0.00352;   0.00130;  -0.02179
   omega_Rin;   0.00000;   0.00000;   0.00000;   0.00000;   0.00000;   0.00000;   0.00000;   0.00000;   0.00000;   0.00000;   0.00632;   0.00226;  -0.00030;  -0.00022;   0.06627;   0.00298;   1.00000;  -0.86027;   0.00074;  -0.00445;   0.00218;  -0.05489
  omega_kout;   0.00000;   0.00000;   0.00000;   0.00000;   0.00000;   0.00000;   0.00000;   0.00000;   0.00000;   0.00000;  -0.00673;  -0.00212;   0.00045;   0.00022;  -0.07411;  -0.00471;  -0.86027;   1.00000;  -0.00080;   0.00442;  -0.00220;  -0.04549
   corr_V_Cl;   0.00000;   0.00000;   0.00000;   0.00000;   0.00000;   0.00000;   0.00000;   0.00000;   0.00000;   0.00000;  -0.00155;  -0.00163;   0.08968;   0.11252;  -0.00033;   0.00027;   0.00074;  -0.00080;   1.00000;   0.01992;  -0.01486;   0.00310
          a1;   0.00000;   0.00000;   0.00000;   0.00000;   0.00000;   0.00000;   0.00000;   0.00000;   0.00000;   0.00000;   0.00491;   0.01567;   0.00844;  -0.00872;   0.00085;  -0.00352;  -0.00445;   0.00442;   0.01992;   1.00000;  -0.78858;  -0.01465
          b1;   0.00000;   0.00000;   0.00000;   0.00000;   0.00000;   0.00000;   0.00000;   0.00000;   0.00000;   0.00000;  -0.01640;  -0.02931;  -0.05537;   0.00041;  -0.01744;   0.00130;   0.00218;  -0.00220;  -0.01486;  -0.78858;   1.00000;   0.00511
          a2;   0.00000;   0.00000;   0.00000;   0.00000;   0.00000;   0.00000;   0.00000;   0.00000;   0.00000;   0.00000;  -0.00617;  -0.00707;  -0.00353;  -0.00082;  -0.05928;  -0.02179;  -0.05489;  -0.04549;   0.00310;  -0.01465;   0.00511;   1.00000
