  ka_pop;   1.00000;   0.11390;  -0.05417;   0.05999;   0.03460;  -0.00420;  -0.01796
   V_pop;   0.11390;   1.00000;  -0.13735;  -0.04106;   0.10261;  -0.02548;  -0.00647
  Cl_pop;  -0.05417;  -0.13735;   1.00000;   0.00577;  -0.02754;  -0.01119;   0.01251
omega_ka;   0.05999;  -0.04106;   0.00577;   1.00000;   0.00093;   0.01944;  -0.03373
 omega_V;   0.03460;   0.10261;  -0.02754;   0.00093;   1.00000;  -0.17053;  -0.01075
omega_Cl;  -0.00420;  -0.02548;  -0.01119;   0.01944;  -0.17053;   1.00000;  -0.01457
       a;  -0.01796;  -0.00647;   0.01251;  -0.03373;  -0.01075;  -0.01457;   1.00000
