  ka_pop; 0.0400027432; 0.0010610447;-0.0009202158; 0.0018495623; 0.0002461550;-0.0000552721;-0.0001976484
   V_pop; 0.0010610447; 0.0021692867;-0.0005433760;-0.0002947924; 0.0001700151;-0.0000780097;-0.0000165710
  Cl_pop;-0.0009202158;-0.0005433760; 0.0072146003; 0.0000755675;-0.0000832052;-0.0000625046; 0.0000584642
omega_ka; 0.0018495623;-0.0002947924; 0.0000755675; 0.0237654786; 0.0000051127; 0.0001969627;-0.0002860260
 omega_V; 0.0002461550; 0.0001700151;-0.0000832052; 0.0000051127; 0.0012655320;-0.0003987584;-0.0000210343
omega_Cl;-0.0000552721;-0.0000780097;-0.0000625046; 0.0001969627;-0.0003987584; 0.0043208093;-0.0000526769
       a;-0.0001976484;-0.0000165710; 0.0000584642;-0.0002860260;-0.0000210343;-0.0000526769; 0.0030263255
