      ka_pop;   1.00000;   0.13562;  -0.00666;   0.00086;  -0.00197;   0.00000;   0.00000;   0.00000;   0.00000
       V_pop;   0.13562;   1.00000;   0.06179;   0.01740;  -0.00410;   0.00000;   0.00000;   0.00000;   0.00000
 beta_V_lw70;  -0.00666;   0.06179;   1.00000;  -0.00437;   0.00722;   0.00000;   0.00000;   0.00000;   0.00000
      Cl_pop;   0.00086;   0.01740;  -0.00437;   1.00000;   0.11590;   0.00000;   0.00000;   0.00000;   0.00000
beta_Cl_lw70;  -0.00197;  -0.00410;   0.00722;   0.11590;   1.00000;   0.00000;   0.00000;   0.00000;   0.00000
    omega_ka;   0.00000;   0.00000;   0.00000;   0.00000;   0.00000;   1.00000;  -0.01451;   0.00068;  -0.02537
     omega_V;   0.00000;   0.00000;   0.00000;   0.00000;   0.00000;  -0.01451;   1.00000;   0.00215;  -0.14712
    omega_Cl;   0.00000;   0.00000;   0.00000;   0.00000;   0.00000;   0.00068;   0.00215;   1.00000;  -0.02747
           b;   0.00000;   0.00000;   0.00000;   0.00000;   0.00000;  -0.02537;  -0.14712;  -0.02747;   1.00000
