      ka_pop; 0.0393972127; 0.0010271564;-0.0001808248;-0.0000285887; 0.0001578600; 0.0022544578; 0.0000677374; 0.0002234981; 0.0000178463
       V_pop; 0.0010271564; 0.0016918784; 0.0011560513; 0.0000546554; 0.0002599265;-0.0000906424; 0.0001629134; 0.0001381138; 0.0000463924
 beta_V_lw70;-0.0001808248; 0.0011560513; 0.0873337092; 0.0001972725; 0.0000223944; 0.0026832164; 0.0006618055; 0.0001943969;-0.0001352116
      Cl_pop;-0.0000285887; 0.0000546554; 0.0001972725; 0.0053016369; 0.0045539148;-0.0000222045; 0.0000685953;-0.0001184938; 0.0000246294
beta_Cl_lw70; 0.0001578600; 0.0002599265; 0.0000223944; 0.0045539148; 0.3020143528;-0.0011592088; 0.0002626624;-0.0001911319; 0.0000337667
    omega_ka; 0.0022544578;-0.0000906424; 0.0026832164;-0.0000222045;-0.0011592088; 0.0229946226; 0.0002542346; 0.0000426898;-0.0000940841
     omega_V; 0.0000677374; 0.0001629134; 0.0006618055; 0.0000685953; 0.0002626624; 0.0002542346; 0.0014168588; 0.0000194356;-0.0000679674
    omega_Cl; 0.0002234981; 0.0001381138; 0.0001943969;-0.0001184938;-0.0001911319; 0.0000426898; 0.0000194356; 0.0030771461;-0.0000222997
           b; 0.0000178463; 0.0000463924;-0.0001352116; 0.0000246294; 0.0000337667;-0.0000940841;-0.0000679674;-0.0000222997; 0.0001539178
