      ka_pop; 0.0396238975; 0.0011002766;-0.0004027687; 0.0000123899;-0.0002158081; 0.0000000000; 0.0000000000; 0.0000000000;-0.0000000000
       V_pop; 0.0011002766; 0.0016612332; 0.0007655818; 0.0000516116;-0.0000920222; 0.0000000000; 0.0000000000; 0.0000000000;-0.0000000000
 beta_V_lw70;-0.0004027687; 0.0007655818; 0.0924233757;-0.0000967569; 0.0012105986; 0.0000000000; 0.0000000000; 0.0000000000;-0.0000000000
      Cl_pop; 0.0000123899; 0.0000516116;-0.0000967569; 0.0052940127; 0.0046479319; 0.0000000000; 0.0000000000; 0.0000000000;-0.0000000000
beta_Cl_lw70;-0.0002158081;-0.0000920222; 0.0012105986; 0.0046479319; 0.3037714210; 0.0000000000; 0.0000000000; 0.0000000000;-0.0000000000
    omega_ka; 0.0000000000; 0.0000000000; 0.0000000000; 0.0000000000; 0.0000000000; 0.0212909057;-0.0000799003; 0.0000052666;-0.0000450700
     omega_V; 0.0000000000; 0.0000000000; 0.0000000000; 0.0000000000; 0.0000000000;-0.0000799003; 0.0014232122; 0.0000043027;-0.0000675867
    omega_Cl; 0.0000000000; 0.0000000000; 0.0000000000; 0.0000000000; 0.0000000000; 0.0000052666; 0.0000043027; 0.0028241855;-0.0000177738
           b; 0.0000000000; 0.0000000000; 0.0000000000; 0.0000000000; 0.0000000000;-0.0000450700;-0.0000675867;-0.0000177738; 0.0001482857
