    Tlag_pop; 0.0291082105; 0.0000361346; 0.0005918964; 0.0010279765; 0.0003060776; 0.0003339503; 0.0017917684;-0.0302440678; 0.0081965183; 0.0034440756;-0.0014770393;-0.0007079809; 0.0005717375;-0.0000806811; 0.0013787632; 0.0093317948; 0.0001994394;-0.0000670008
      ka_pop; 0.0000361346; 0.0822903732;-0.0004889347;-0.0012342312;-0.0008524018; 0.0005079771;-0.0034181665; 0.1489759798;-0.0417425361;-0.0149559905;-0.0106873131; 0.0234871691;-0.0011293944;-0.0001128062;-0.0081755842;-0.0439595106;-0.0000267477; 0.0001487708
       V_pop; 0.0005918964;-0.0004889347; 0.0008005664; 0.0006484348; 0.0000164523;-0.0000151042; 0.0005078450;-0.0150246306; 0.0038091586; 0.0011786157; 0.0007374315; 0.0002100549; 0.0000794081;-0.0000002717; 0.0002655581; 0.0028737723;-0.0000942258; 0.0000166592
 beta_V_lw70; 0.0010279765;-0.0012342312; 0.0006484348; 0.0185280284; 0.0000220667; 0.0000098718; 0.0008397302;-0.0278289872; 0.0069005059; 0.0024486168; 0.0019988576; 0.0006045984; 0.0002685311;-0.0000049894; 0.0003464122; 0.0055222813;-0.0003521874; 0.0000469122
      Cl_pop; 0.0003060776;-0.0008524018; 0.0000164523; 0.0000220667; 0.0021709417; 0.0010726011;-0.0000234945; 0.0001364136; 0.0004114020; 0.0001018926; 0.0000723966; 0.0003263201; 0.0000098904; 0.0000129780; 0.0000265502; 0.0004303842; 0.0000495360;-0.0000093652
beta_Cl_lw70; 0.0003339503; 0.0005079771;-0.0000151042; 0.0000098718; 0.0010726011; 0.0605189175;-0.0002241150; 0.0093507291;-0.0020356433;-0.0006342747;-0.0003902284; 0.0024377926;-0.0000414505;-0.0000833163;-0.0003574559;-0.0024001631; 0.0001865403;-0.0000341191
     ke0_pop; 0.0017917684;-0.0034181665; 0.0005078450; 0.0008397302;-0.0000234945;-0.0002241150; 0.0041289543;-0.0902549226; 0.0195107178; 0.0082895676; 0.0042040488;-0.0026525973; 0.0005302019; 0.0000599673; 0.0034411135; 0.0232682856;-0.0003939182; 0.0000087388
   alpha_pop;-0.0302440678; 0.1489759798;-0.0150246306;-0.0278289872; 0.0001364136; 0.0093507291;-0.0902549226; 4.3944285909;-1.0064354185;-0.3222374430;-0.1937881775; 0.0895670334;-0.0173284088;-0.0016784086;-0.1093859414;-0.8587576790; 0.0114302885;-0.0000631438
    beta_pop; 0.0081965183;-0.0417425361; 0.0038091586; 0.0069005059; 0.0004114020;-0.0020356433; 0.0195107178;-1.0064354185; 0.2572070926; 0.0756665657; 0.0478953016;-0.0198100493; 0.0043024424; 0.0003955864; 0.0262270978; 0.2135686926;-0.0024858987;-0.0000399286
   gamma_pop; 0.0034440756;-0.0149559905; 0.0011786157; 0.0024486168; 0.0001018926;-0.0006342747; 0.0082895676;-0.3222374430; 0.0756665657; 0.0406515831; 0.0154005023;-0.0085418686; 0.0016792873; 0.0002413695; 0.0111033433; 0.0765098419;-0.0009546195;-0.0000574151
  omega_Tlag;-0.0014770393;-0.0106873131; 0.0007374315; 0.0019988576; 0.0000723966;-0.0003902284; 0.0042040488;-0.1937881775; 0.0478953016; 0.0154005023; 0.0220735937;-0.0045827620; 0.0008203618; 0.0000754650; 0.0050806973; 0.0412099845;-0.0006205626; 0.0000198267
    omega_ka;-0.0007079809; 0.0234871691; 0.0002100549; 0.0006045984; 0.0003263201; 0.0024377926;-0.0026525973; 0.0895670334;-0.0198100493;-0.0085418686;-0.0045827620; 0.0645051035;-0.0007667451;-0.0001151391;-0.0099900299;-0.0272959280; 0.0000295542; 0.0001689562
     omega_V; 0.0005717375;-0.0011293944; 0.0000794081; 0.0002685311; 0.0000098904;-0.0000414505; 0.0005302019;-0.0173284088; 0.0043024424; 0.0016792873; 0.0008203618;-0.0007667451; 0.0005747780; 0.0000249983; 0.0009627941; 0.0054622821;-0.0000153117;-0.0000310594
    omega_Cl;-0.0000806811;-0.0001128062;-0.0000002717;-0.0000049894; 0.0000129780;-0.0000833163; 0.0000599673;-0.0016784086; 0.0003955864; 0.0002413695; 0.0000754650;-0.0001151391; 0.0000249983; 0.0011306246; 0.0001434128; 0.0011494287; 0.0000167643;-0.0000153707
   omega_ke0; 0.0013787632;-0.0081755842; 0.0002655581; 0.0003464122; 0.0000265502;-0.0003574559; 0.0034411135;-0.1093859414; 0.0262270978; 0.0111033433; 0.0050806973;-0.0099900299; 0.0009627941; 0.0001434128; 0.0086423758; 0.0360644990;-0.0003189112;-0.0001400066
 omega_alpha; 0.0093317948;-0.0439595106; 0.0028737723; 0.0055222813; 0.0004303842;-0.0024001631; 0.0232682856;-0.8587576790; 0.2135686926; 0.0765098419; 0.0412099845;-0.0272959280; 0.0054622821; 0.0011494287; 0.0360644990; 0.4568904344;-0.0034514064;-0.0002691728
           a; 0.0001994394;-0.0000267477;-0.0000942258;-0.0003521874; 0.0000495360; 0.0001865403;-0.0003939182; 0.0114302885;-0.0024858987;-0.0009546195;-0.0006205626; 0.0000295542;-0.0000153117; 0.0000167643;-0.0003189112;-0.0034514064; 0.0017375662;-0.0002505372
           b;-0.0000670008; 0.0001487708; 0.0000166592; 0.0000469122;-0.0000093652;-0.0000341191; 0.0000087388;-0.0000631438;-0.0000399286;-0.0000574151; 0.0000198267; 0.0001689562;-0.0000310594;-0.0000153707;-0.0001400066;-0.0002691728;-0.0002505372; 0.0000719358
