  Imax_pop;   1.00000;  -0.02647;  -0.01029;  -0.01937;   0.00000;   0.00000;   0.00000;   0.00000;   0.00000
   C50_pop;  -0.02647;   1.00000;  -0.02543;   0.00159;   0.00000;   0.00000;   0.00000;   0.00000;   0.00000
   Rin_pop;  -0.01029;  -0.02543;   1.00000;   0.90157;   0.00000;   0.00000;   0.00000;   0.00000;   0.00000
  kout_pop;  -0.01937;   0.00159;   0.90157;   1.00000;   0.00000;   0.00000;   0.00000;   0.00000;   0.00000
omega_Imax;   0.00000;   0.00000;   0.00000;   0.00000;   1.00000;  -0.00335;   0.06797;  -0.07481;  -0.11599
 omega_C50;   0.00000;   0.00000;   0.00000;   0.00000;  -0.00335;   1.00000;   0.00153;  -0.00403;  -0.01782
 omega_Rin;   0.00000;   0.00000;   0.00000;   0.00000;   0.06797;   0.00153;   1.00000;  -0.80978;  -0.07110
omega_kout;   0.00000;   0.00000;   0.00000;   0.00000;  -0.07481;  -0.00403;  -0.80978;   1.00000;  -0.04254
         a;   0.00000;   0.00000;   0.00000;   0.00000;  -0.11599;  -0.01782;  -0.07110;  -0.04254;   1.00000
