    V_pop; 0.0021387549;-0.0005370136;-0.0002927642; 0.0001372343;-0.0000775727; 0.0000420670;-0.0025713995
   Cl_pop;-0.0005370136; 0.0073807004; 0.0001014628;-0.0000628989; 0.0000588175;-0.0000414131; 0.0011642698
 omega_ka;-0.0002927642; 0.0001014628; 0.0223112330; 0.0001331141; 0.0000187818;-0.0004048561;-0.0002259099
  omega_V; 0.0001372343;-0.0000628989; 0.0001331141; 0.0012547475;-0.0004265684;-0.0000375526; 0.0006988749
 omega_Cl;-0.0000775727; 0.0000588175; 0.0000187818;-0.0004265684; 0.0046975379;-0.0000204190;-0.0017372239
        a; 0.0000420670;-0.0000414131;-0.0004048561;-0.0000375526;-0.0000204190; 0.0029870504;-0.0002463702
corr_ka_V;-0.0025713995; 0.0011642698;-0.0002259099; 0.0006988749;-0.0017372239;-0.0002463702; 0.1237327091
