      ka_pop; 0.0385770034; 0.0009157436; 0.0000935197;-0.0000512977; 0.0000133434; 0.0023048992; 0.0000189910; 0.0002183779; 0.0000055581
       V_pop; 0.0009157436; 0.0014177914; 0.0009357920; 0.0000441530; 0.0001225375;-0.0000827589;-0.0000034900; 0.0001334897; 0.0000429438
 beta_V_lw70; 0.0000935197; 0.0009357920; 0.0751561807; 0.0000774396; 0.0016025472; 0.0034167950; 0.0001450315; 0.0003160904;-0.0001414189
      Cl_pop;-0.0000512977; 0.0000441530; 0.0000774396; 0.0051197517; 0.0043815230;-0.0000384300; 0.0000996882;-0.0001531946; 0.0000143647
beta_Cl_lw70; 0.0000133434; 0.0001225375; 0.0016025472; 0.0043815230; 0.2905311897;-0.0006953578; 0.0003124873;-0.0000235474; 0.0000142093
    omega_ka; 0.0023048992;-0.0000827589; 0.0034167950;-0.0000384300;-0.0006953578; 0.0235184605; 0.0002224793;-0.0000246141;-0.0001056321
     omega_V; 0.0000189910;-0.0000034900; 0.0001450315; 0.0000996882; 0.0003124873; 0.0002224793; 0.0012120228;-0.0000544181;-0.0000663944
    omega_Cl; 0.0002183779; 0.0001334897; 0.0003160904;-0.0001531946;-0.0000235474;-0.0000246141;-0.0000544181; 0.0027852036;-0.0000226364
           b; 0.0000055581; 0.0000429438;-0.0001414189; 0.0000143647; 0.0000142093;-0.0001056321;-0.0000663944;-0.0000226364; 0.0001537846
